PalletValveGeometry = 1e-3*[ ...
    24.07, 20.8,  13.35,  3.73;  ...
    24.35, 22,    24.07,  5.9;  ...
    17.63, 22.4,  24.35,  5.27;  ...
    16.87, 22.9,  17.63,  5.55;  ...
    15.39, 22.2,  16.87,  4.51;  ...
    13.32, 21.7,  15.39,  4.17;  ...
    7.79,  21,    13.32,  4.97;  ...
    7.70,  22.8,  7.79,   2.87; ...
    8.62,  22.4,  7.70,   2.86; ...
    7.31,  22.4,  8.62,   4.57; ...
    9.57,  22.7,  7.31,   3.47; ...
    24,    20.5,  9.57,   5.18;  ...
    16.78, 22.5,  24,     5.12; ...
    19.56, 22.5,  16.78,  4.07; ...
    14.21, 21.5,  19.56,  5.34; ...
    14.35, 22.7,  14.21,  3.47; ...
    12.96, 18.4,  14.35,  5.03; ...
    10.72, 19.6,  12.96,  4.47; ...
    9.48,  20.5,  10.72,  6.23; ...
    7.72,  19.2,  9.48,   4.36;  ...
    6.78,  21,    7.72,   5.76;  ...
    8.06,  20.3,  6.78,   4.25; ...
    8.69,  20.5,  8.06,   6.60; ...
    30.5,  19.7,  8.69,   3.70; ...
    2.12,  19.5,  30.5,   3.99; ...
    3.73,  20,    2.12,   5.74;  ...
    2.12,  21.9,  3.73,   3.85; ...
    3.34,  20.3,  2.12,   4.81; ...
    2.62,  20.3,  3.34,   4.02; ...
    3.19,  21,    2.62,   4.07;  ...
    1.79,  19.3,  3.19,   7.19; ...
    3.59,  20.5,  1.79,   4.15; ...
    14.38, 19.9,  3.59,   4.49; ...
    2.32,  18.4,  14.38,  4.2; ...
    3.02,  16.5,  2.32,   4.02; ...
    2.91,  17.2,  3.02,   5.24; ...
    2.42,  17.1,  2.91,   5.52; ...
    2.85,  17.3,  2.42,   6.51; ...
    3.24,  17.4,  2.85,   5.84; ...
    3.3,   17.5,  3.24,   5.42;  ...
    2.9,   17.3,  3.3,    5.73;  ...
    2.52,  16.9,  2.9,    5.56; ...
    2.14,  18.2,  2.52,   4.88; ...
    3.36,  17.4,  2.14,   5.93; ...
    10.7,  18.5,  3.36,   5.53; ...
    2.06,  17.8,  10.7,   4.38; ...
    2.84,  17.6,  2.06,   5.44; ...
    2.97,  18.5,  2.84,   4.44; ...
    1.8,   15.7,  2.97,   4.53;  ...
    3.16,  17.5,  1.8,    5.92;  ...
    2.67,  17.4,  3.16,   2.93; ...
    3.94,  18.1,  2.67,   3.23; ...
    3.12,  18,    3.94,   3.16;  ...
    2.58,  17.4,  3.12,   4.27; ...
    4,     16.3,  2.58,   4.35;  ...
    11.3,  17.9,  4,      3.37 ];
